  1.020000000000000E-006
  8.160000000000000E-006
  2.754000000000000E-005
  6.528000000000000E-005
  1.275000000000000E-004
  2.203200000000000E-004
  3.498600000000000E-004
  5.222400000000000E-004
  7.435800000000001E-004
  1.020000000000000E-003
  1.357620000000000E-003
  1.762560000000000E-003
  2.240940000000000E-003
  2.798880000000000E-003
  3.442500000000000E-003
  4.177920000000000E-003
  5.011260000000000E-003
  5.948640000000001E-003
  6.996180000000000E-003
  8.160000000000001E-003
  9.446220000000000E-003
  1.086096000000000E-002
  1.241034000000000E-002
  1.410048000000000E-002
  1.593750000000000E-002
  1.792752000000000E-002
  2.007666000000000E-002
  2.239104000000000E-002
  2.487678000000000E-002
  2.754000000000000E-002
  3.038682000000000E-002
  3.342336000000000E-002
  3.665574000000000E-002
  4.009008000000000E-002
  4.373250000000000E-002
  4.758912000000001E-002
  5.166606000000000E-002
  5.596944000000000E-002
  6.050538000000000E-002
  6.528000000000000E-002
  7.029941999999999E-002
  7.556976000000000E-002
  8.109713999999998E-002
  8.688767999999998E-002
  9.294750000000000E-002
  9.928272000000000E-002
  0.105899460000000     
  0.112803840000000     
  0.120001980000000     
  0.127500000000000     
  0.135304020000000     
  0.143420160000000     
  0.151854540000000     
  0.160613280000000     
  0.169702500000000     
  0.179128320000000     
  0.188896860000000     
  0.199014240000000     
  0.209486580000000     
  0.220320000000000     
  0.231520620000000     
  0.243094560000000     
  0.255047940000000     
  0.267386880000000     
  0.280117500000000     
  0.293245920000000     
  0.306778260000000     
  0.320720640000000     
  0.335079180000000     
  0.349860000000000     
  0.365069220000000     
  0.380712960000000     
  0.396797340000000     
  0.413328480000000     
  0.430312500000000     
  0.447755520000000     
  0.465663660000000     
  0.484043040000000     
  0.502899780000000     
  0.522240000000000     
  0.542069820000000     
  0.562395360000000     
  0.583222740000000     
  0.604558080000000     
  0.626407500000000     
  0.648777120000000     
  0.671673060000000     
  0.695101440000000     
  0.719068380000000     
  0.743580000000000     
  0.768642420000000     
  0.794261760000000     
  0.820444140000000     
  0.847195680000000     
  0.874522500000000     
  0.902430720000000     
  0.930926460000000     
  0.960015840000000     
  0.989704980000000     
   1.02000000000000     
