  1.002000000000000E-004
  4.008000000000000E-004
  9.017999999999999E-004
  1.603200000000000E-003
  2.504999999999999E-003
  3.607200000000000E-003
  4.909800000000001E-003
  6.412800000000000E-003
  8.116199999999999E-003
  1.002000000000000E-002
  1.212420000000000E-002
  1.442880000000000E-002
  1.693380000000000E-002
  1.963920000000000E-002
  2.254500000000000E-002
  2.565120000000000E-002
  2.895780000000000E-002
  3.246480000000000E-002
  3.617220000000000E-002
  4.007999999999999E-002
  4.418820000000000E-002
  4.849680000000000E-002
  5.300580000000000E-002
  5.771519999999999E-002
  6.262500000000000E-002
  6.773520000000000E-002
  7.304579999999999E-002
  7.855680000000001E-002
  8.426820000000000E-002
  9.018000000000000E-002
  9.629219999999999E-002
  0.102604800000000     
  0.109117800000000     
  0.115831200000000     
  0.122745000000000     
  0.129859200000000     
  0.137173800000000     
  0.144688800000000     
  0.152404200000000     
  0.160320000000000     
  0.168436200000000     
  0.176752800000000     
  0.185269800000000     
  0.193987200000000     
  0.202905000000000     
  0.212023200000000     
  0.221341800000000     
  0.230860800000000     
  0.240580200000000     
  0.250500000000000     
  0.260620200000000     
  0.270940800000000     
  0.281461800000000     
  0.292183200000000     
  0.303105000000000     
  0.314227200000000     
  0.325549800000000     
  0.337072800000000     
  0.348796200000000     
  0.360720000000000     
  0.372844200000000     
  0.385168800000000     
  0.397693800000000     
  0.410419200000000     
  0.423345000000000     
  0.436471200000000     
  0.449797800000000     
  0.463324800000000     
  0.477052200000000     
  0.490980000000000     
  0.505108200000000     
  0.519436800000000     
  0.533965800000000     
  0.548695200000000     
  0.563625000000000     
  0.578755200000000     
  0.594085800000000     
  0.609616800000000     
  0.625348200000000     
  0.641280000000000     
  0.657412200000000     
  0.673744800000000     
  0.690277800000000     
  0.707011200000000     
  0.723945000000000     
  0.741079200000000     
  0.758413800000000     
  0.775948800000000     
  0.793684200000000     
  0.811620000000000     
  0.829756200000000     
  0.848092800000000     
  0.866629800000000     
  0.885367200000000     
  0.904305000000000     
  0.923443200000000     
  0.942781800000000     
  0.962320800000000     
  0.982060200000000     
   1.00200000000000     
