   1.00300002098083     
   2.00600004196167     
   3.00900006294250     
   4.01200008392334     
   5.01500010490417     
   6.01800012588501     
   7.02100014686584     
   8.02400016784668     
   9.02700018882751     
   10.0300002098083     
   11.0330002307892     
   12.0360002517700     
   13.0390002727509     
   14.0420002937317     
   15.0450003147125     
   16.0480003356934     
   17.0510003566742     
   18.0540003776550     
   19.0570003986359     
   20.0600004196167     
   21.0630004405975     
   22.0660004615784     
   23.0690004825592     
   24.0720005035400     
   25.0750005245209     
   26.0780005455017     
   27.0810005664825     
   28.0840005874634     
   29.0870006084442     
   30.0900006294250     
   31.0930006504059     
   32.0960006713867     
   33.0990006923676     
   34.1020007133484     
   35.1050007343292     
   36.1080007553101     
   37.1110007762909     
   38.1140007972717     
   39.1170008182526     
   40.1200008392334     
   41.1230008602142     
   42.1260008811951     
   43.1290009021759     
   44.1320009231567     
   45.1350009441376     
   46.1380009651184     
   47.1410009860992     
   48.1440010070801     
   49.1470010280609     
   50.1500010490417     
   51.1530010700226     
   52.1560010910034     
   53.1590011119843     
   54.1620011329651     
   55.1650011539459     
   56.1680011749268     
   57.1710011959076     
   58.1740012168884     
   59.1770012378693     
   60.1800012588501     
   61.1830012798309     
   62.1860013008118     
   63.1890013217926     
   64.1920013427734     
   65.1950013637543     
   66.1980013847351     
   67.2010014057159     
   68.2040014266968     
   69.2070014476776     
   70.2100014686584     
   71.2130014896393     
   72.2160015106201     
   73.2190015316010     
   74.2220015525818     
   75.2250015735626     
   76.2280015945435     
   77.2310016155243     
   78.2340016365051     
   79.2370016574860     
   80.2400016784668     
