    0.99982E+00
    0.99836E+00
    0.99450E+00
    0.98710E+00
    0.97520E+00
    0.95813E+00
    0.93558E+00
    0.90767E+00
    0.87493E+00
    0.83825E+00
    0.79876E+00
    0.75766E+00
    0.71610E+00
    0.67508E+00
    0.63533E+00
    0.59739E+00
    0.56156E+00
    0.52798E+00
    0.49665E+00
    0.46750E+00
    0.44040E+00
    0.41521E+00
    0.39179E+00
    0.36998E+00
    0.34965E+00
    0.33068E+00
    0.31295E+00
    0.29637E+00
    0.28085E+00
    0.26630E+00
    0.99897E+00
    0.99151E+00
    0.97217E+00
    0.93750E+00
    0.88757E+00
    0.82602E+00
    0.75841E+00
    0.69015E+00
    0.62510E+00
    0.56529E+00
    0.51141E+00
    0.46332E+00
    0.42054E+00
    0.38247E+00
    0.34855E+00
    0.31825E+00
    0.29114E+00
    0.26682E+00
    0.24497E+00
    0.22531E+00
    0.20758E+00
    0.19156E+00
    0.17708E+00
    0.16395E+00
    0.15204E+00
    0.14122E+00
    0.13137E+00
    0.12238E+00
    0.11418E+00
    0.10667E+00
    0.99773E+00
    0.98096E+00
    0.93971E+00
    0.87228E+00
    0.78723E+00
    0.69723E+00
    0.61204E+00
    0.53622E+00
    0.47059E+00
    0.41429E+00
    0.36599E+00
    0.32444E+00
    0.28855E+00
    0.25744E+00
    0.23039E+00
    0.20680E+00
    0.18617E+00
    0.16808E+00
    0.15216E+00
    0.13813E+00
    0.12572E+00
    0.11471E+00
    0.10493E+00
    0.96202E-01
    0.88405E-01
    0.81418E-01
    0.75141E-01
    0.69488E-01
    0.64385E-01
    0.59768E-01
    0.99598E+00
    0.96680E+00
    0.89943E+00
    0.80069E+00
    0.69180E+00
    0.59028E+00
    0.50310E+00
    0.43039E+00
    0.37003E+00
    0.31976E+00
    0.27764E+00
    0.24218E+00
    0.21220E+00
    0.18672E+00
    0.16500E+00
    0.14640E+00
    0.13040E+00
    0.11660E+00
    0.10463E+00
    0.94215E-01
    0.85121E-01
    0.77147E-01
    0.70131E-01
    0.63936E-01
    0.58447E-01
    0.53568E-01
    0.49218E-01
    0.45327E-01
    0.41837E-01
    0.38698E-01
    0.99325E+00
    0.94947E+00
    0.85457E+00
    0.73056E+00
    0.60923E+00
    0.50600E+00
    0.42226E+00
    0.35477E+00
    0.30008E+00
    0.25544E+00
    0.21875E+00
    0.18844E+00
    0.16325E+00
    0.14220E+00
    0.12451E+00
    0.10957E+00
    0.96883E-01
    0.86054E-01
    0.76762E-01
    0.68752E-01
    0.61812E-01
    0.55774E-01
    0.50497E-01
    0.45866E-01
    0.41787E-01
    0.38179E-01
    0.34978E-01
    0.32127E-01
    0.29580E-01
    0.27298E-01
    0.98964E+00
    0.92950E+00
    0.80797E+00
    0.66604E+00
    0.54015E+00
    0.43948E+00
    0.36057E+00
    0.29838E+00
    0.24893E+00
    0.20927E+00
    0.17723E+00
    0.15117E+00
    0.12982E+00
    0.11221E+00
    0.97591E-01
    0.85365E-01
    0.75078E-01
    0.66368E-01
    0.58950E-01
    0.52595E-01
    0.47123E-01
    0.42386E-01
    0.38266E-01
    0.34667E-01
    0.31508E-01
    0.28725E-01
    0.26263E-01
    0.24077E-01
    0.22130E-01
    0.20390E-01
    0.98628E+00
    0.90743E+00
    0.76176E+00
    0.60851E+00
    0.48264E+00
    0.38607E+00
    0.31214E+00
    0.25492E+00
    0.21018E+00
    0.17487E+00
    0.14676E+00
    0.12420E+00
    0.10593E+00
    0.91018E-01
    0.78744E-01
    0.68563E-01
    0.60056E-01
    0.52898E-01
    0.46834E-01
    0.41665E-01
    0.37233E-01
    0.33412E-01
    0.30100E-01
    0.27216E-01
    0.24692E-01
    0.22474E-01
    0.20517E-01
    0.18783E-01
    0.17242E-01
    0.15867E-01
    0.98326E+00
    0.88382E+00
    0.71734E+00
    0.55791E+00
    0.43441E+00
    0.34240E+00
    0.27324E+00
    0.22059E+00
    0.18005E+00
    0.14850E+00
    0.12371E+00
    0.10402E+00
    0.88235E-01
    0.75452E-01
    0.65007E-01
    0.56398E-01
    0.49243E-01
    0.43252E-01
    0.38198E-01
    0.33906E-01
    0.30238E-01
    0.27085E-01
    0.24360E-01
    0.21992E-01
    0.19925E-01
    0.18113E-01
    0.16516E-01
    0.15104E-01
    0.13851E-01
    0.12735E-01
    0.97894E+00
    0.85917E+00
    0.67552E+00
    0.51354E+00
    0.39355E+00
    0.30609E+00
    0.24143E+00
    0.19294E+00
    0.15612E+00
    0.12782E+00
    0.10582E+00
    0.88514E-01
    0.74742E-01
    0.63667E-01
    0.54670E-01
    0.47291E-01
    0.41186E-01
    0.36093E-01
    0.31811E-01
    0.28186E-01
    0.25096E-01
    0.22446E-01
    0.20161E-01
    0.18180E-01
    0.16453E-01
    0.14941E-01
    0.13611E-01
    0.12437E-01
    0.11395E-01
    0.10469E-01
    0.97291E+00
    0.83395E+00
    0.63663E+00
    0.47457E+00
    0.35855E+00
    0.27551E+00
    0.21503E+00
    0.17031E+00
    0.13678E+00
    0.11129E+00
    0.91653E-01
    0.76323E-01
    0.64207E-01
    0.54518E-01
    0.46684E-01
    0.40285E-01
    0.35010E-01
    0.30624E-01
    0.26946E-01
    0.23840E-01
    0.21198E-01
    0.18937E-01
    0.16991E-01
    0.15305E-01
    0.13839E-01
    0.12557E-01
    0.11430E-01
    0.10436E-01
    0.95565E-02
    0.87743E-02
