  1.020000000000000E-004
  8.160000000000000E-004
  2.754000000000000E-003
  6.528000000000000E-003
  1.275000000000000E-002
  2.203200000000000E-002
  3.498600000000000E-002
  5.222400000000000E-002
  7.435800000000001E-002
  0.102000000000000     
  0.135762000000000     
  0.176256000000000     
  0.224094000000000     
  0.279888000000000     
  0.344250000000000     
  0.417792000000000     
  0.501126000000000     
  0.594864000000000     
  0.699618000000000     
  0.816000000000000     
  0.944622000000000     
   1.08609600000000     
   1.24103400000000     
   1.41004800000000     
   1.59375000000000     
   1.79275200000000     
   2.00766600000000     
   2.23910400000000     
   2.48767800000000     
   2.75400000000000     
